name: pysplit_env
channels:
  - conda-forge
  - defaults
dependencies:
  - brotli=1.0.9=hcfcfb64_8
  - brotli-bin=1.0.9=hcfcfb64_8
  - ca-certificates=2023.5.7=h56e8100_0
  - cartopy=0.20.2=py37hf85d210_0
  - certifi=2023.5.7=pyhd8ed1ab_0
  - cycler=0.11.0=pyhd8ed1ab_0
  - fonttools=4.38.0=py37h51bd9d9_0
  - freetype=2.12.1=h546665d_1
  - geos=3.10.1=h39d44d4_1
  - intel-openmp=2023.1.0=h57928b3_46319
  - jpeg=9e=hcfcfb64_3
  - kiwisolver=1.4.4=py37h8c56517_0
  - krb5=1.20.1=heb0366b_0
  - lcms2=2.14=h90d422f_0
  - lerc=4.0.0=h63175ca_0
  - libblas=3.9.0=16_win64_mkl
  - libbrotlicommon=1.0.9=hcfcfb64_8
  - libbrotlidec=1.0.9=hcfcfb64_8
  - libbrotlienc=1.0.9=hcfcfb64_8
  - libcblas=3.9.0=16_win64_mkl
  - libcurl=8.0.1=h68f0423_0
  - libdeflate=1.14=hcfcfb64_0
  - libhwloc=2.9.1=h51c2c0f_0
  - libiconv=1.17=h8ffe710_0
  - liblapack=3.9.0=16_win64_mkl
  - libpng=1.6.39=h19919ed_0
  - libsqlite=3.41.2=hcfcfb64_1
  - libssh2=1.10.0=h9a1e1f7_3
  - libtiff=4.4.0=hc4f729c_5
  - libwebp-base=1.3.0=hcfcfb64_0
  - libxcb=1.13=hcd874cb_1004
  - libxml2=2.10.4=hc3477c8_0
  - libzlib=1.2.13=hcfcfb64_4
  - m2w64-gcc-libgfortran=5.3.0=6
  - m2w64-gcc-libs=5.3.0=7
  - m2w64-gcc-libs-core=5.3.0=7
  - m2w64-gmp=6.1.0=2
  - m2w64-libwinpthread-git=5.0.0.4634.697f757=2
  - matplotlib-base=3.5.3=py37hbaab90a_2
  - mkl=2022.1.0=h6a75c08_874
  - msys2-conda-epoch=20160418=1
  - munkres=1.1.4=pyh9f0ad1d_0
  - numpy=1.21.6=py37h2830a78_0
  - openjpeg=2.5.0=hc9384bd_1
  - openssl=3.1.0=hcfcfb64_3
  - packaging=23.1=pyhd8ed1ab_0
  - pillow=9.2.0=py37h42a8222_2
  - pip=23.1.2=pyhd8ed1ab_0
  - proj=8.2.0=h1cfcee9_0
  - pthread-stubs=0.4=hcd874cb_1001
  - pthreads-win32=2.9.1=hfa6e2cd_3
  - pyparsing=3.0.9=pyhd8ed1ab_0
  - pyproj=3.2.1=py37hfa9e037_5
  - pyshp=2.3.1=pyhd8ed1ab_0
  - python=3.7.12=h900ac77_100_cpython
  - python-dateutil=2.8.2=pyhd8ed1ab_0
  - python_abi=3.7=3_cp37m
  - scipy=1.7.3=py37hb6553fb_0
  - setuptools=67.7.2=pyhd8ed1ab_0
  - shapely=1.8.0=py37h61d217f_4
  - six=1.16.0=pyh6c4a22f_0
  - sqlite=3.41.2=hcfcfb64_1
  - tbb=2021.9.0=h91493d7_0
  - tk=8.6.12=h8ffe710_0
  - typing-extensions=4.5.0=hd8ed1ab_0
  - typing_extensions=4.5.0=pyha770c72_0
  - ucrt=10.0.22621.0=h57928b3_0
  - unicodedata2=14.0.0=py37hcc03f2d_1
  - vc=14.3=hb25d44b_16
  - vc14_runtime=14.34.31931=h5081d32_16
  - vs2015_runtime=14.34.31931=hed1258a_16
  - wheel=0.40.0=pyhd8ed1ab_0
  - xorg-libxau=1.0.9=hcd874cb_0
  - xorg-libxdmcp=1.1.3=hcd874cb_0
  - xz=5.2.6=h8d14728_0
  - zstd=1.5.2=h12be248_6
  - pip:
      - attrs==23.1.0
      - backcall==0.2.0
      - basemap==1.3.7
      - basemap-data==1.3.2
      - click==8.1.3
      - click-plugins==1.1.1
      - cligj==0.7.2
      - cloudpickle==2.2.1
      - colorama==0.4.6
      - debugpy==1.6.7
      - decorator==5.1.1
      - entrypoints==0.4
      - fiona==1.9.3
      - geopandas==0.10.2
      - importlib-metadata==6.6.0
      - ipykernel==6.16.2
      - ipython==7.34.0
      - jedi==0.18.2
      - jupyter-client==7.4.9
      - jupyter-core==4.12.0
      - matplotlib-inline==0.1.6
      - munch==2.5.0
      - nest-asyncio==1.5.6
      - pandas==1.3.5
      - parso==0.8.3
      - pickle5==0.0.12
      - pickleshare==0.7.5
      - prompt-toolkit==3.0.38
      - psutil==5.9.5
      - pygments==2.15.1
      - pyqt5==5.15.9
      - pyqt5-qt5==5.15.2
      - pyqt5-sip==12.12.1
      - pyqt6==6.5.0
      - pyqt6-qt6==6.5.0
      - pyqt6-sip==13.5.1
      - pysplit==0.3.6
      - pytz==2023.3
      - pywin32==306
      - pyzmq==25.0.2
      - spyder-kernels==2.4.3
      - tornado==6.2
      - traitlets==5.9.0
      - wcwidth==0.2.6
      - zipp==3.15.0
